spawns: 
  default: 
    world: overworld
    x: 104.27362648182589
    y: 57.0
    z: 252.53492672964387
    yaw: -274.79993
    pitch: 47.39997
